914
926
676
791
897
973
341
759
461
684
760
459
594
514
799
749
649
465
193
450
553
468
563
595
898
382
453
1190
766
477
341
520
781
514
663
274
759
907
134
192
464
578
852
801
727
